,B159E,B161I,B371L,B372K,B373L,B377H,B381W,B384A,B385I,B388F,B391H,B392L,B395F,B481W,B484W,B485I,B488F,B489Y,B492G,B495L,B496F,B499F,B502F,B503L,B506R,B507R,B510H,B514G
A159E,10.54,12.51,38.30,44.02,39.69,39.08,33.25,29.37,27.53,22.76,20.07,16.68,16.14,3.44,9.64,10.78,15.86,17.88,22.03,24.37,27.79,31.80,36.32,36.35,40.83,43.80,48.01,54.21
A161I,12.50,11.83,33.47,39.20,35.19,34.85,29.05,25.55,23.42,19.06,17.27,13.08,14.75,3.20,7.19,7.00,10.73,13.07,17.00,19.20,22.70,26.81,31.23,31.55,35.77,38.83,43.14,49.28
A371L,38.30,33.47,8.41,11.96,10.33,13.91,11.94,17.32,14.08,18.45,24.42,24.39,29.43,31.52,26.15,24.53,20.26,18.27,14.92,11.90,9.82,4.66,7.33,4.14,5.95,7.19,7.56,13.88
A372K,44.02,39.20,11.96,14.94,14.92,18.33,17.21,22.88,19.84,24.38,30.34,30.23,35.35,36.79,31.42,30.07,25.29,24.23,20.29,16.60,15.53,9.12,7.70,7.33,6.44,8.40,5.94,12.55
A373L,39.69,35.19,10.33,14.92,14.27,19.04,16.65,21.45,17.54,21.36,27.91,25.93,32.34,31.58,26.06,25.14,20.13,19.92,15.26,11.27,11.20,4.36,3.78,4.09,5.56,8.35,9.03,15.23
A377H,39.08,34.85,13.91,18.33,19.04,24.24,20.67,24.54,19.99,22.40,29.05,25.96,33.07,30.10,24.77,24.41,18.78,19.75,15.23,11.40,12.57,6.25,3.41,8.25,3.55,9.93,11.21,16.74
A381W,33.25,29.05,11.94,17.21,16.65,20.67,17.39,19.58,14.77,17.32,23.21,19.67,27.46,24.39,18.85,18.32,12.97,13.15,8.50,4.31,6.35,3.38,3.48,6.55,6.72,11.27,14.53,20.61
A384A,29.37,25.55,17.32,22.88,21.45,24.53,19.58,21.06,17.57,16.36,22.31,17.66,25.07,19.91,14.87,15.07,8.67,12.04,8.85,5.60,9.14,7.88,10.26,12.43,13.33,18.11,21.59,27.64
A385I,27.53,23.42,14.08,19.84,17.54,19.99,14.77,17.57,14.20,13.08,19.61,16.24,22.86,18.65,14.14,13.90,7.30,11.40,8.40,6.71,7.68,5.88,9.87,9.44,13.75,16.54,19.94,26.26
A388F,22.76,19.06,18.45,24.38,21.36,22.40,17.32,16.37,13.09,11.05,15.78,10.52,18.35,13.67,8.14,7.85,3.21,5.24,3.32,3.50,7.44,10.65,14.65,15.62,18.75,22.48,26.51,32.62
A391H,20.07,17.27,24.42,30.34,27.91,29.05,23.21,22.31,19.61,15.78,18.60,13.91,18.97,9.95,8.33,9.38,4.16,9.14,9.75,8.20,13.34,15.90,19.32,21.06,22.64,27.40,31.20,37.32
A392L,16.68,13.08,24.39,30.23,25.93,25.95,19.67,17.66,16.24,10.52,13.91,9.91,14.50,7.98,7.42,6.66,4.13,8.17,10.64,11.06,14.61,17.98,22.34,21.95,26.56,29.76,33.68,39.97
A395F,16.14,14.75,29.43,35.35,32.34,33.07,27.46,25.06,22.86,18.35,18.97,14.50,17.45,6.55,7.22,8.78,7.58,11.43,13.25,13.28,18.11,21.41,25.00,26.54,28.56,33.11,37.03,43.17
A481W,3.44,3.20,31.52,36.79,31.58,30.10,24.39,19.90,18.65,13.67,9.95,7.98,6.55,3.91,9.60,4.34,12.12,12.26,17.42,21.11,22.00,26.92,31.90,30.60,36.80,38.34,42.66,48.81
A484W,9.64,7.19,26.15,31.42,26.06,24.77,18.85,14.88,14.14,8.14,8.33,7.42,7.22,9.60,12.06,7.46,10.01,9.44,14.73,18.24,17.48,22.19,27.43,25.10,31.76,32.88,37.14,43.26
A485I,10.78,7.00,24.53,30.08,25.14,24.41,18.33,15.07,13.90,7.85,9.38,6.66,8.78,4.34,7.46,3.23,6.22,7.54,12.00,15.16,15.24,19.66,24.84,23.00,29.28,30.94,35.03,41.22
A488F,15.86,10.73,20.26,25.28,20.13,18.78,12.97,8.67,7.30,3.21,4.16,4.13,7.58,12.12,10.01,6.21,7.56,3.62,9.70,13.57,11.92,16.70,22.11,19.37,26.28,27.10,31.36,37.45
A489Y,17.88,13.06,18.27,24.23,19.92,19.75,13.16,12.04,11.40,5.23,9.14,8.17,11.43,12.26,9.44,7.54,3.62,4.76,5.92,7.33,8.61,11.43,16.38,15.48,20.80,23.13,27.14,33.39
A492G,22.03,17.00,14.92,20.29,15.26,15.23,8.50,8.85,8.40,3.32,9.75,10.64,13.25,17.42,14.73,11.99,9.70,5.92,9.53,11.51,7.72,11.29,17.24,13.51,20.71,21.22,25.35,31.43
A495L,24.37,19.21,11.90,16.60,11.27,11.40,4.31,5.60,6.71,3.50,8.20,11.06,13.28,21.11,18.25,15.16,13.57,7.33,11.51,12.66,6.84,10.45,16.19,11.20,18.61,17.95,22.23,28.07
A496F,27.79,22.70,9.82,15.53,11.20,12.57,6.35,9.14,7.68,7.44,13.34,14.61,18.11,22.01,17.48,15.24,11.92,8.61,7.72,6.84,3.48,4.08,9.84,6.79,13.40,14.88,18.79,24.99
A499F,31.80,26.81,4.66,9.12,4.36,6.25,3.38,7.88,5.88,10.65,15.90,17.98,21.41,26.92,22.18,19.66,16.70,11.43,11.29,10.45,4.08,7.30,10.61,6.38,13.26,11.14,16.57,22.18
A502F,36.32,31.23,7.33,7.70,3.78,3.41,3.48,10.26,9.87,14.65,19.32,22.34,25.00,31.90,27.43,24.84,22.11,16.38,17.25,16.19,9.84,10.61,14.22,8.98,14.23,10.90,14.51,19.74
A503L,36.35,31.55,4.14,7.33,4.09,8.25,6.55,12.43,9.44,15.62,21.06,21.95,26.54,30.61,25.10,23.00,19.37,15.48,13.51,11.20,6.79,6.38,8.98,3.89,10.33,8.23,11.23,16.58
A506R,40.83,35.77,5.94,6.44,5.56,3.55,6.72,13.33,13.75,18.75,22.64,26.56,28.56,36.80,31.76,29.28,26.28,20.80,20.71,18.61,13.40,13.26,14.23,10.33,11.91,7.92,9.72,14.26
A507R,43.80,38.83,7.19,8.40,8.35,9.93,11.27,18.11,16.54,22.48,27.40,29.76,33.11,38.34,32.88,30.94,27.10,23.13,21.22,17.95,14.88,11.14,10.90,8.23,7.92,6.50,6.38,11.95
A510H,48.01,43.14,7.56,5.94,9.03,11.21,14.53,21.59,19.94,26.51,31.20,33.68,37.03,42.66,37.14,35.03,31.36,27.14,25.35,22.23,18.79,16.57,14.51,11.23,9.72,6.38,5.77,7.85
A514G,54.21,49.28,13.88,12.55,15.23,16.74,20.61,27.64,26.26,32.62,37.32,39.97,43.17,48.81,43.26,41.22,37.45,33.39,31.43,28.07,24.99,22.18,19.74,16.58,14.26,11.96,7.85,7.08
