"""
    @summary: 
    @author: Bian Li
    @contact: bian.li@vanderbilt.edu
    @version: 
    @change: 
"""

import numpy as np


BLOSUM45 = {'*': {'*': 1, 'A': -5, 'C': -5, 'B': -5, 'E': -5, 'D': -5, 'G': -5, 'F': -5, 'I': -5, 'H': -5, 'K': -5, 'J': -5, 'M': -5, 'L': -5, 'N': -5, 'Q': -5, 'P': -5, 'S': -5, 'R': -5, 'T': -5, 'W': -5, 'V': -5, 'Y': -5, 'X': -5, 'Z': -5},
'A': {'*': -5, 'A': 5, 'C': -1, 'B': -1, 'E': -1, 'D': -2, 'G': 0, 'F': -2, 'I': -1, 'H': -2, 'K': -1, 'J': -1, 'M': -1, 'L': -1, 'N': -1, 'Q': -1, 'P': -1, 'S': 1, 'R': -2, 'T': 0, 'W': -2, 'V': 0, 'Y': -2, 'X': -1, 'Z': -1},
'C': {'*': -5, 'A': -1, 'C': 12, 'B': -2, 'E': -3, 'D': -3, 'G': -3, 'F': -2, 'I': -3, 'H': -3, 'K': -3, 'J': -2, 'M': -2, 'L': -2, 'N': -2, 'Q': -3, 'P': -4, 'S': -1, 'R': -3, 'T': -1, 'W': -5, 'V': -1, 'Y': -3, 'X': -1, 'Z': -3},
'B': {'*': -5, 'A': -1, 'C': -2, 'B': 5, 'E': 1, 'D': 6, 'G': -1, 'F': -3, 'I': -3, 'H': 0, 'K': 0, 'J': -3, 'M': -2, 'L': -3, 'N': 5, 'Q': 0, 'P': -2, 'S': 0, 'R': -1, 'T': 0, 'W': -4, 'V': -3, 'Y': -2, 'X': -1, 'Z': 1},
'E': {'*': -5, 'A': -1, 'C': -3, 'B': 1, 'E': 6, 'D': 2, 'G': -2, 'F': -3, 'I': -3, 'H': 0, 'K': 1, 'J': -3, 'M': -2, 'L': -2, 'N': 0, 'Q': 2, 'P': 0, 'S': 0, 'R': 0, 'T': -1, 'W': -3, 'V': -3, 'Y': -2, 'X': -1, 'Z': 5},
'D': {'*': -5, 'A': -2, 'C': -3, 'B': 6, 'E': 2, 'D': 7, 'G': -1, 'F': -4, 'I': -4, 'H': 0, 'K': 0, 'J': -3, 'M': -3, 'L': -3, 'N': 2, 'Q': 0, 'P': -1, 'S': 0, 'R': -1, 'T': -1, 'W': -4, 'V': -3, 'Y': -2, 'X': -1, 'Z': 1},
'G': {'*': -5, 'A': 0, 'C': -3, 'B': -1, 'E': -2, 'D': -1, 'G': 7, 'F': -3, 'I': -4, 'H': -2, 'K': -2, 'J': -4, 'M': -2, 'L': -3, 'N': 0, 'Q': -2, 'P': -2, 'S': 0, 'R': -2, 'T': -2, 'W': -2, 'V': -3, 'Y': -3, 'X': -1, 'Z': -2},
'F': {'*': -5, 'A': -2, 'C': -2, 'B': -3, 'E': -3, 'D': -4, 'G': -3, 'F': 8, 'I': 0, 'H': -2, 'K': -3, 'J': 1, 'M': 0, 'L': 1, 'N': -2, 'Q': -4, 'P': -3, 'S': -2, 'R': -2, 'T': -1, 'W': 1, 'V': 0, 'Y': 3, 'X': -1, 'Z': -3},
'I': {'*': -5, 'A': -1, 'C': -3, 'B': -3, 'E': -3, 'D': -4, 'G': -4, 'F': 0, 'I': 5, 'H': -3, 'K': -3, 'J': 4, 'M': 2, 'L': 2, 'N': -2, 'Q': -2, 'P': -2, 'S': -2, 'R': -3, 'T': -1, 'W': -2, 'V': 3, 'Y': 0, 'X': -1, 'Z': -3},
'H': {'*': -5, 'A': -2, 'C': -3, 'B': 0, 'E': 0, 'D': 0, 'G': -2, 'F': -2, 'I': -3, 'H': 10, 'K': -1, 'J': -2, 'M': 0, 'L': -2, 'N': 1, 'Q': 1, 'P': -2, 'S': -1, 'R': 0, 'T': -2, 'W': -3, 'V': -3, 'Y': 2, 'X': -1, 'Z': 0},
'K': {'*': -5, 'A': -1, 'C': -3, 'B': 0, 'E': 1, 'D': 0, 'G': -2, 'F': -3, 'I': -3, 'H': -1, 'K': 5, 'J': -3, 'M': -1, 'L': -3, 'N': 0, 'Q': 1, 'P': -1, 'S': -1, 'R': 3, 'T': -1, 'W': -2, 'V': -2, 'Y': -1, 'X': -1, 'Z': 1},
'J': {'*': -5, 'A': -1, 'C': -2, 'B': -3, 'E': -3, 'D': -3, 'G': -4, 'F': 1, 'I': 4, 'H': -2, 'K': -3, 'J': 4, 'M': 2, 'L': 4, 'N': -3, 'Q': -2, 'P': -3, 'S': -2, 'R': -3, 'T': -1, 'W': -2, 'V': 2, 'Y': 0, 'X': -1, 'Z': -2},
'M': {'*': -5, 'A': -1, 'C': -2, 'B': -2, 'E': -2, 'D': -3, 'G': -2, 'F': 0, 'I': 2, 'H': 0, 'K': -1, 'J': 2, 'M': 6, 'L': 2, 'N': -2, 'Q': 0, 'P': -2, 'S': -2, 'R': -1, 'T': -1, 'W': -2, 'V': 1, 'Y': 0, 'X': -1, 'Z': -1},
'L': {'*': -5, 'A': -1, 'C': -2, 'B': -3, 'E': -2, 'D': -3, 'G': -3, 'F': 1, 'I': 2, 'H': -2, 'K': -3, 'J': 4, 'M': 2, 'L': 5, 'N': -3, 'Q': -2, 'P': -3, 'S': -3, 'R': -2, 'T': -1, 'W': -2, 'V': 1, 'Y': 0, 'X': -1, 'Z': -2},
'N': {'*': -5, 'A': -1, 'C': -2, 'B': 5, 'E': 0, 'D': 2, 'G': 0, 'F': -2, 'I': -2, 'H': 1, 'K': 0, 'J': -3, 'M': -2, 'L': -3, 'N': 6, 'Q': 0, 'P': -2, 'S': 1, 'R': 0, 'T': 0, 'W': -4, 'V': -3, 'Y': -2, 'X': -1, 'Z': 0},
'Q': {'*': -5, 'A': -1, 'C': -3, 'B': 0, 'E': 2, 'D': 0, 'G': -2, 'F': -4, 'I': -2, 'H': 1, 'K': 1, 'J': -2, 'M': 0, 'L': -2, 'N': 0, 'Q': 6, 'P': -1, 'S': 0, 'R': 1, 'T': -1, 'W': -2, 'V': -3, 'Y': -1, 'X': -1, 'Z': 4},
'P': {'*': -5, 'A': -1, 'C': -4, 'B': -2, 'E': 0, 'D': -1, 'G': -2, 'F': -3, 'I': -2, 'H': -2, 'K': -1, 'J': -3, 'M': -2, 'L': -3, 'N': -2, 'Q': -1, 'P': 9, 'S': -1, 'R': -2, 'T': -1, 'W': -3, 'V': -3, 'Y': -3, 'X': -1, 'Z': -1},
'S': {'*': -5, 'A': 1, 'C': -1, 'B': 0, 'E': 0, 'D': 0, 'G': 0, 'F': -2, 'I': -2, 'H': -1, 'K': -1, 'J': -2, 'M': -2, 'L': -3, 'N': 1, 'Q': 0, 'P': -1, 'S': 4, 'R': -1, 'T': 2, 'W': -4, 'V': -1, 'Y': -2, 'X': -1, 'Z': 0},
'R': {'*': -5, 'A': -2, 'C': -3, 'B': -1, 'E': 0, 'D': -1, 'G': -2, 'F': -2, 'I': -3, 'H': 0, 'K': 3, 'J': -3, 'M': -1, 'L': -2, 'N': 0, 'Q': 1, 'P': -2, 'S': -1, 'R': 7, 'T': -1, 'W': -2, 'V': -2, 'Y': -1, 'X': -1, 'Z': 1},
'T': {'*': -5, 'A': 0, 'C': -1, 'B': 0, 'E': -1, 'D': -1, 'G': -2, 'F': -1, 'I': -1, 'H': -2, 'K': -1, 'J': -1, 'M': -1, 'L': -1, 'N': 0, 'Q': -1, 'P': -1, 'S': 2, 'R': -1, 'T': 5, 'W': -3, 'V': 0, 'Y': -1, 'X': -1, 'Z': -1},
'W': {'*': -5, 'A': -2, 'C': -5, 'B': -4, 'E': -3, 'D': -4, 'G': -2, 'F': 1, 'I': -2, 'H': -3, 'K': -2, 'J': -2, 'M': -2, 'L': -2, 'N': -4, 'Q': -2, 'P': -3, 'S': -4, 'R': -2, 'T': -3, 'W': 15, 'V': -3, 'Y': 3, 'X': -1, 'Z': -2},
'V': {'*': -5, 'A': 0, 'C': -1, 'B': -3, 'E': -3, 'D': -3, 'G': -3, 'F': 0, 'I': 3, 'H': -3, 'K': -2, 'J': 2, 'M': 1, 'L': 1, 'N': -3, 'Q': -3, 'P': -3, 'S': -1, 'R': -2, 'T': 0, 'W': -3, 'V': 5, 'Y': -1, 'X': -1, 'Z': -3},
'Y': {'*': -5, 'A': -2, 'C': -3, 'B': -2, 'E': -2, 'D': -2, 'G': -3, 'F': 3, 'I': 0, 'H': 2, 'K': -1, 'J': 0, 'M': 0, 'L': 0, 'N': -2, 'Q': -1, 'P': -3, 'S': -2, 'R': -1, 'T': -1, 'W': 3, 'V': -1, 'Y': 8, 'X': -1, 'Z': -2},
'X': {'*': -5, 'A': -1, 'C': -1, 'B': -1, 'E': -1, 'D': -1, 'G': -1, 'F': -1, 'I': -1, 'H': -1, 'K': -1, 'J': -1, 'M': -1, 'L': -1, 'N': -1, 'Q': -1, 'P': -1, 'S': -1, 'R': -1, 'T': -1, 'W': -1, 'V': -1, 'Y': -1, 'X': -1, 'Z': -1},
'X': {'*': -5, 'A': -1, 'C': -1, 'B': -1, 'E': -1, 'D': -1, 'G': -1, 'F': -1, 'I': -1, 'H': -1, 'K': -1, 'J': -1, 'M': -1, 'L': -1, 'N': -1, 'Q': -1, 'P': -1, 'S': -1, 'R': -1, 'T': -1, 'W': -1, 'V': -1, 'Y': -1, 'X': -1, 'Z': -1}}

BLOSUM45_ARR = np.array([
    [ 5, -2, -1, -2, -1, -1, -1,  0, -2, -1, -1, -1, -1, -2, -1,  1,  0, -2, -2,  0, -1, -1, -1, -1, -5],
    [-2,  7,  0, -1, -3,  1,  0, -2,  0, -3, -2,  3, -1, -2, -2, -1, -1, -2, -1, -2, -1, -3,  1, -1, -5],
    [-1,  0,  6,  2, -2,  0,  0,  0,  1, -2, -3,  0, -2, -2, -2,  1,  0, -4, -2, -3,  5, -3,  0, -1, -5],
    [-2, -1,  2,  7, -3,  0,  2, -1,  0, -4, -3,  0, -3, -4, -1,  0, -1, -4, -2, -3,  6, -3,  1, -1, -5],
    [-1, -3, -2, -3, 12, -3, -3, -3, -3, -3, -2, -3, -2, -2, -4, -1, -1, -5, -3, -1, -2, -2, -3, -1, -5],
    [-1,  1,  0,  0, -3,  6,  2, -2,  1, -2, -2,  1,  0, -4, -1,  0, -1, -2, -1, -3,  0, -2,  4, -1, -5],
    [-1,  0,  0,  2, -3,  2,  6, -2,  0, -3, -2,  1, -2, -3,  0,  0, -1, -3, -2, -3,  1, -3,  5, -1, -5],
    [ 0, -2,  0, -1, -3, -2, -2,  7, -2, -4, -3, -2, -2, -3, -2,  0, -2, -2, -3, -3, -1, -4, -2, -1, -5],
    [-2,  0,  1,  0, -3,  1,  0, -2, 10, -3, -2, -1,  0, -2, -2, -1, -2, -3,  2, -3,  0, -2,  0, -1, -5],
    [-1, -3, -2, -4, -3, -2, -3, -4, -3,  5,  2, -3,  2,  0, -2, -2, -1, -2,  0,  3, -3,  4, -3, -1, -5],
    [-1, -2, -3, -3, -2, -2, -2, -3, -2,  2,  5, -3,  2,  1, -3, -3, -1, -2,  0,  1, -3,  4, -2, -1, -5],
    [-1,  3,  0,  0, -3,  1,  1, -2, -1, -3, -3,  5, -1, -3, -1, -1, -1, -2, -1, -2,  0, -3,  1, -1, -5],
    [-1, -1, -2, -3, -2,  0, -2, -2,  0,  2,  2, -1,  6,  0, -2, -2, -1, -2,  0,  1, -2,  2, -1, -1, -5],
    [-2, -2, -2, -4, -2, -4, -3, -3, -2,  0,  1, -3,  0,  8, -3, -2, -1,  1,  3,  0, -3,  1, -3, -1, -5],
    [-1, -2, -2, -1, -4, -1,  0, -2, -2, -2, -3, -1, -2, -3,  9, -1, -1, -3, -3, -3, -2, -3, -1, -1, -5],
    [ 1, -1,  1,  0, -1,  0,  0,  0, -1, -2, -3, -1, -2, -2, -1,  4,  2, -4, -2, -1,  0, -2,  0, -1, -5],
    [ 0, -1,  0, -1, -1, -1, -1, -2, -2, -1, -1, -1, -1, -1, -1,  2,  5, -3, -1,  0,  0, -1, -1, -1, -5],
    [-2, -2, -4, -4, -5, -2, -3, -2, -3, -2, -2, -2, -2,  1, -3, -4, -3, 15,  3, -3, -4, -2, -2, -1, -5],
    [-2, -1, -2, -2, -3, -1, -2, -3,  2,  0,  0, -1,  0,  3, -3, -2, -1,  3,  8, -1, -2,  0, -2, -1, -5],
    [ 0, -2, -3, -3, -1, -3, -3, -3, -3,  3,  1, -2,  1,  0, -3, -1,  0, -3, -1,  5, -3,  2, -3, -1, -5],
    [-1, -1,  5,  6, -2,  0,  1, -1,  0, -3, -3,  0, -2, -3, -2,  0,  0, -4, -2, -3,  5, -3,  1, -1, -5],
    [-1, -3, -3, -3, -2, -2, -3, -4, -2,  4,  4, -3,  2,  1, -3, -2, -1, -2,  0,  2, -3,  4, -2, -1, -5],
    [-1,  1,  0,  1, -3,  4,  5, -2,  0, -3, -2,  1, -1, -3, -1,  0, -1, -2, -2, -3,  1, -2,  5, -1, -5],
    [-1, -1, -1, -1, -1, -1, -1, -1, -1, -1, -1, -1, -1, -1, -1, -1, -1, -1, -1, -1, -1, -1, -1, -1, -5],
    [-5, -5, -5, -5, -5, -5, -5, -5, -5, -5, -5, -5, -5, -5, -5, -5, -5, -5, -5, -5, -5, -5, -5, -5,  1]
])

BLOSUM50 = {'*': {'*': 1, 'A': -5, 'C': -5, 'B': -5, 'E': -5, 'D': -5, 'G': -5, 'F': -5, 'I': -5, 'H': -5, 'K': -5, 'J': -5, 'M': -5, 'L': -5, 'N': -5, 'Q': -5, 'P': -5, 'S': -5, 'R': -5, 'T': -5, 'W': -5, 'V': -5, 'Y': -5, 'X': -5, 'Z': -5},
'A': {'*': -5, 'A': 5, 'C': -1, 'B': -2, 'E': -1, 'D': -2, 'G': 0, 'F': -3, 'I': -1, 'H': -2, 'K': -1, 'J': -2, 'M': -1, 'L': -2, 'N': -1, 'Q': -1, 'P': -1, 'S': 1, 'R': -2, 'T': 0, 'W': -3, 'V': 0, 'Y': -2, 'X': -1, 'Z': -1},
'C': {'*': -5, 'A': -1, 'C': 13, 'B': -3, 'E': -3, 'D': -4, 'G': -3, 'F': -2, 'I': -2, 'H': -3, 'K': -3, 'J': -2, 'M': -2, 'L': -2, 'N': -2, 'Q': -3, 'P': -4, 'S': -1, 'R': -4, 'T': -1, 'W': -5, 'V': -1, 'Y': -3, 'X': -1, 'Z': -3},
'B': {'*': -5, 'A': -2, 'C': -3, 'B': 6, 'E': 1, 'D': 6, 'G': -1, 'F': -4, 'I': -4, 'H': 0, 'K': 0, 'J': -4, 'M': -3, 'L': -4, 'N': 5, 'Q': 0, 'P': -2, 'S': 0, 'R': -1, 'T': 0, 'W': -5, 'V': -3, 'Y': -3, 'X': -1, 'Z': 1},
'E': {'*': -5, 'A': -1, 'C': -3, 'B': 1, 'E': 6, 'D': 2, 'G': -3, 'F': -3, 'I': -4, 'H': 0, 'K': 1, 'J': -3, 'M': -2, 'L': -3, 'N': 0, 'Q': 2, 'P': -1, 'S': -1, 'R': 0, 'T': -1, 'W': -3, 'V': -3, 'Y': -2, 'X': -1, 'Z': 5},
'D': {'*': -5, 'A': -2, 'C': -4, 'B': 6, 'E': 2, 'D': 8, 'G': -1, 'F': -5, 'I': -4, 'H': -1, 'K': -1, 'J': -4, 'M': -4, 'L': -4, 'N': 2, 'Q': 0, 'P': -1, 'S': 0, 'R': -2, 'T': -1, 'W': -5, 'V': -4, 'Y': -3, 'X': -1, 'Z': 1},
'G': {'*': -5, 'A': 0, 'C': -3, 'B': -1, 'E': -3, 'D': -1, 'G': 8, 'F': -4, 'I': -4, 'H': -2, 'K': -2, 'J': -4, 'M': -3, 'L': -4, 'N': 0, 'Q': -2, 'P': -2, 'S': 0, 'R': -3, 'T': -2, 'W': -3, 'V': -4, 'Y': -3, 'X': -1, 'Z': -2},
'F': {'*': -5, 'A': -3, 'C': -2, 'B': -4, 'E': -3, 'D': -5, 'G': -4, 'F': 8, 'I': 0, 'H': -1, 'K': -4, 'J': 1, 'M': 0, 'L': 1, 'N': -4, 'Q': -4, 'P': -4, 'S': -3, 'R': -3, 'T': -2, 'W': 1, 'V': -1, 'Y': 4, 'X': -1, 'Z': -4},
'I': {'*': -5, 'A': -1, 'C': -2, 'B': -4, 'E': -4, 'D': -4, 'G': -4, 'F': 0, 'I': 5, 'H': -4, 'K': -3, 'J': 4, 'M': 2, 'L': 2, 'N': -3, 'Q': -3, 'P': -3, 'S': -3, 'R': -4, 'T': -1, 'W': -3, 'V': 4, 'Y': -1, 'X': -1, 'Z': -3},
'H': {'*': -5, 'A': -2, 'C': -3, 'B': 0, 'E': 0, 'D': -1, 'G': -2, 'F': -1, 'I': -4, 'H': 10, 'K': 0, 'J': -3, 'M': -1, 'L': -3, 'N': 1, 'Q': 1, 'P': -2, 'S': -1, 'R': 0, 'T': -2, 'W': -3, 'V': -4, 'Y': 2, 'X': -1, 'Z': 0},
'K': {'*': -5, 'A': -1, 'C': -3, 'B': 0, 'E': 1, 'D': -1, 'G': -2, 'F': -4, 'I': -3, 'H': 0, 'K': 6, 'J': -3, 'M': -2, 'L': -3, 'N': 0, 'Q': 2, 'P': -1, 'S': 0, 'R': 3, 'T': -1, 'W': -3, 'V': -3, 'Y': -2, 'X': -1, 'Z': 1},
'J': {'*': -5, 'A': -2, 'C': -2, 'B': -4, 'E': -3, 'D': -4, 'G': -4, 'F': 1, 'I': 4, 'H': -3, 'K': -3, 'J': 4, 'M': 2, 'L': 4, 'N': -4, 'Q': -3, 'P': -3, 'S': -3, 'R': -3, 'T': -1, 'W': -2, 'V': 2, 'Y': -1, 'X': -1, 'Z': -3},
'M': {'*': -5, 'A': -1, 'C': -2, 'B': -3, 'E': -2, 'D': -4, 'G': -3, 'F': 0, 'I': 2, 'H': -1, 'K': -2, 'J': 2, 'M': 7, 'L': 3, 'N': -2, 'Q': 0, 'P': -3, 'S': -2, 'R': -2, 'T': -1, 'W': -1, 'V': 1, 'Y': 0, 'X': -1, 'Z': -1},
'L': {'*': -5, 'A': -2, 'C': -2, 'B': -4, 'E': -3, 'D': -4, 'G': -4, 'F': 1, 'I': 2, 'H': -3, 'K': -3, 'J': 4, 'M': 3, 'L': 5, 'N': -4, 'Q': -2, 'P': -4, 'S': -3, 'R': -3, 'T': -1, 'W': -2, 'V': 1, 'Y': -1, 'X': -1, 'Z': -3},
'N': {'*': -5, 'A': -1, 'C': -2, 'B': 5, 'E': 0, 'D': 2, 'G': 0, 'F': -4, 'I': -3, 'H': 1, 'K': 0, 'J': -4, 'M': -2, 'L': -4, 'N': 7, 'Q': 0, 'P': -2, 'S': 1, 'R': -1, 'T': 0, 'W': -4, 'V': -3, 'Y': -2, 'X': -1, 'Z': 0},
'Q': {'*': -5, 'A': -1, 'C': -3, 'B': 0, 'E': 2, 'D': 0, 'G': -2, 'F': -4, 'I': -3, 'H': 1, 'K': 2, 'J': -3, 'M': 0, 'L': -2, 'N': 0, 'Q': 7, 'P': -1, 'S': 0, 'R': 1, 'T': -1, 'W': -1, 'V': -3, 'Y': -1, 'X': -1, 'Z': 4},
'P': {'*': -5, 'A': -1, 'C': -4, 'B': -2, 'E': -1, 'D': -1, 'G': -2, 'F': -4, 'I': -3, 'H': -2, 'K': -1, 'J': -3, 'M': -3, 'L': -4, 'N': -2, 'Q': -1, 'P': 10, 'S': -1, 'R': -3, 'T': -1, 'W': -4, 'V': -3, 'Y': -3, 'X': -1, 'Z': -1},
'S': {'*': -5, 'A': 1, 'C': -1, 'B': 0, 'E': -1, 'D': 0, 'G': 0, 'F': -3, 'I': -3, 'H': -1, 'K': 0, 'J': -3, 'M': -2, 'L': -3, 'N': 1, 'Q': 0, 'P': -1, 'S': 5, 'R': -1, 'T': 2, 'W': -4, 'V': -2, 'Y': -2, 'X': -1, 'Z': 0},
'R': {'*': -5, 'A': -2, 'C': -4, 'B': -1, 'E': 0, 'D': -2, 'G': -3, 'F': -3, 'I': -4, 'H': 0, 'K': 3, 'J': -3, 'M': -2, 'L': -3, 'N': -1, 'Q': 1, 'P': -3, 'S': -1, 'R': 7, 'T': -1, 'W': -3, 'V': -3, 'Y': -1, 'X': -1, 'Z': 0},
'T': {'*': -5, 'A': 0, 'C': -1, 'B': 0, 'E': -1, 'D': -1, 'G': -2, 'F': -2, 'I': -1, 'H': -2, 'K': -1, 'J': -1, 'M': -1, 'L': -1, 'N': 0, 'Q': -1, 'P': -1, 'S': 2, 'R': -1, 'T': 5, 'W': -3, 'V': 0, 'Y': -2, 'X': -1, 'Z': -1},
'W': {'*': -5, 'A': -3, 'C': -5, 'B': -5, 'E': -3, 'D': -5, 'G': -3, 'F': 1, 'I': -3, 'H': -3, 'K': -3, 'J': -2, 'M': -1, 'L': -2, 'N': -4, 'Q': -1, 'P': -4, 'S': -4, 'R': -3, 'T': -3, 'W': 15, 'V': -3, 'Y': 2, 'X': -1, 'Z': -2},
'V': {'*': -5, 'A': 0, 'C': -1, 'B': -3, 'E': -3, 'D': -4, 'G': -4, 'F': -1, 'I': 4, 'H': -4, 'K': -3, 'J': 2, 'M': 1, 'L': 1, 'N': -3, 'Q': -3, 'P': -3, 'S': -2, 'R': -3, 'T': 0, 'W': -3, 'V': 5, 'Y': -1, 'X': -1, 'Z': -3},
'Y': {'*': -5, 'A': -2, 'C': -3, 'B': -3, 'E': -2, 'D': -3, 'G': -3, 'F': 4, 'I': -1, 'H': 2, 'K': -2, 'J': -1, 'M': 0, 'L': -1, 'N': -2, 'Q': -1, 'P': -3, 'S': -2, 'R': -1, 'T': -2, 'W': 2, 'V': -1, 'Y': 8, 'X': -1, 'Z': -2},
'X': {'*': -5, 'A': -1, 'C': -1, 'B': -1, 'E': -1, 'D': -1, 'G': -1, 'F': -1, 'I': -1, 'H': -1, 'K': -1, 'J': -1, 'M': -1, 'L': -1, 'N': -1, 'Q': -1, 'P': -1, 'S': -1, 'R': -1, 'T': -1, 'W': -1, 'V': -1, 'Y': -1, 'X': -1, 'Z': -1},
'X': {'*': -5, 'A': -1, 'C': -1, 'B': -1, 'E': -1, 'D': -1, 'G': -1, 'F': -1, 'I': -1, 'H': -1, 'K': -1, 'J': -1, 'M': -1, 'L': -1, 'N': -1, 'Q': -1, 'P': -1, 'S': -1, 'R': -1, 'T': -1, 'W': -1, 'V': -1, 'Y': -1, 'X': -1, 'Z': -1}}


BLOSUM50_ARR = np.array([
    [ 5, -2, -1, -2, -1, -1, -1,  0, -2, -1, -2, -1, -1, -3, -1,  1,  0, -3, -2,  0, -2, -2, -1, -1, -5],
    [-2,  7, -1, -2, -4,  1,  0, -3,  0, -4, -3,  3, -2, -3, -3, -1, -1, -3, -1, -3, -1, -3,  0, -1, -5],
    [-1, -1,  7,  2, -2,  0,  0,  0,  1, -3, -4,  0, -2, -4, -2,  1,  0, -4, -2, -3,  5, -4,  0, -1, -5],
    [-2, -2,  2,  8, -4,  0,  2, -1, -1, -4, -4, -1, -4, -5, -1,  0, -1, -5, -3, -4,  6, -4,  1, -1, -5],
    [-1, -4, -2, -4, 13, -3, -3, -3, -3, -2, -2, -3, -2, -2, -4, -1, -1, -5, -3, -1, -3, -2, -3, -1, -5],
    [-1,  1,  0,  0, -3,  7,  2, -2,  1, -3, -2,  2,  0, -4, -1,  0, -1, -1, -1, -3,  0, -3,  4, -1, -5],
    [-1,  0,  0,  2, -3,  2,  6, -3,  0, -4, -3,  1, -2, -3, -1, -1, -1, -3, -2, -3,  1, -3,  5, -1, -5],
    [ 0, -3,  0, -1, -3, -2, -3,  8, -2, -4, -4, -2, -3, -4, -2,  0, -2, -3, -3, -4, -1, -4, -2, -1, -5],
    [-2,  0,  1, -1, -3,  1,  0, -2, 10, -4, -3,  0, -1, -1, -2, -1, -2, -3,  2, -4,  0, -3,  0, -1, -5],
    [-1, -4, -3, -4, -2, -3, -4, -4, -4,  5,  2, -3,  2,  0, -3, -3, -1, -3, -1,  4, -4,  4, -3, -1, -5],
    [-2, -3, -4, -4, -2, -2, -3, -4, -3,  2,  5, -3,  3,  1, -4, -3, -1, -2, -1,  1, -4,  4, -3, -1, -5],
    [-1,  3,  0, -1, -3,  2,  1, -2,  0, -3, -3,  6, -2, -4, -1,  0, -1, -3, -2, -3,  0, -3,  1, -1, -5],
    [-1, -2, -2, -4, -2,  0, -2, -3, -1,  2,  3, -2,  7,  0, -3, -2, -1, -1,  0,  1, -3,  2, -1, -1, -5],
    [-3, -3, -4, -5, -2, -4, -3, -4, -1,  0,  1, -4,  0,  8, -4, -3, -2,  1,  4, -1, -4,  1, -4, -1, -5],
    [-1, -3, -2, -1, -4, -1, -1, -2, -2, -3, -4, -1, -3, -4, 10, -1, -1, -4, -3, -3, -2, -3, -1, -1, -5],
    [ 1, -1,  1,  0, -1,  0, -1,  0, -1, -3, -3,  0, -2, -3, -1,  5,  2, -4, -2, -2,  0, -3,  0, -1, -5],
    [ 0, -1,  0, -1, -1, -1, -1, -2, -2, -1, -1, -1, -1, -2, -1,  2,  5, -3, -2,  0,  0, -1, -1, -1, -5],
    [-3, -3, -4, -5, -5, -1, -3, -3, -3, -3, -2, -3, -1,  1, -4, -4, -3, 15,  2, -3, -5, -2, -2, -1, -5],
    [-2, -1, -2, -3, -3, -1, -2, -3,  2, -1, -1, -2,  0,  4, -3, -2, -2,  2,  8, -1, -3, -1, -2, -1, -5],
    [ 0, -3, -3, -4, -1, -3, -3, -4, -4,  4,  1, -3,  1, -1, -3, -2,  0, -3, -1,  5, -3,  2, -3, -1, -5],
    [-2, -1,  5,  6, -3,  0,  1, -1,  0, -4, -4,  0, -3, -4, -2,  0,  0, -5, -3, -3,  6, -4,  1, -1, -5],
    [-2, -3, -4, -4, -2, -3, -3, -4, -3,  4,  4, -3,  2,  1, -3, -3, -1, -2, -1,  2, -4,  4, -3, -1, -5],
    [-1,  0,  0,  1, -3,  4,  5, -2,  0, -3, -3,  1, -1, -4, -1,  0, -1, -2, -2, -3,  1, -3,  5, -1, -5],
    [-1, -1, -1, -1, -1, -1, -1, -1, -1, -1, -1, -1, -1, -1, -1, -1, -1, -1, -1, -1, -1, -1, -1, -1, -5],
    [-5, -5, -5, -5, -5, -5, -5, -5, -5, -5, -5, -5, -5, -5, -5, -5, -5, -5, -5, -5, -5, -5, -5, -5,  1]
])

BLOSUM50_QIJ = np.array([
    [ 0.0192,  0.0027,  0.0024,  0.0026,  0.0015,  0.0022,  0.0034,  0.0062,  0.0012,  0.0035,  0.0048,  0.0033,  0.0016,  0.002 ,  0.0022,  0.0062,  0.0039,  0.0005,  0.0015,  0.0054],
    [ 0.0027,  0.0152,  0.002 ,  0.0019,  0.0005,  0.0025,  0.0029,  0.002 ,  0.0013,  0.0015,  0.0028,  0.0064,  0.0009,  0.0012,  0.0011,  0.0025,  0.0021,  0.0004,  0.0013,  0.002 ],
    [ 0.0024,  0.002 ,  0.0101,  0.0035,  0.0006,  0.0016,  0.0023,  0.0031,  0.0015,  0.0013,  0.0017,  0.0027,  0.0007,  0.0009,  0.0011,  0.0032,  0.0026,  0.0002,  0.0009,  0.0015],
    [ 0.0026,  0.0019,  0.0035,  0.0161,  0.0005,  0.0017,  0.0048,  0.0028,  0.0011,  0.0012,  0.0018,  0.0026,  0.0005,  0.0008,  0.0015,  0.0028,  0.0022,  0.0002,  0.0009,  0.0016],
    [ 0.0015,  0.0005,  0.0006,  0.0005,  0.0091,  0.0004,  0.0006,  0.0009,  0.0003,  0.0008,  0.0014,  0.0006,  0.0004,  0.0006,  0.0004,  0.0011,  0.001 ,  0.0001,  0.0004,  0.0013],
    [ 0.0022,  0.0025,  0.0016,  0.0017,  0.0004,  0.0057,  0.0033,  0.0017,  0.001 ,  0.0011,  0.0019,  0.0029,  0.0008,  0.0007,  0.0011,  0.0022,  0.0015,  0.0003,  0.0009,  0.0014],
    [ 0.0034,  0.0029,  0.0023,  0.0048,  0.0006,  0.0033,  0.0141,  0.0023,  0.0013,  0.0015,  0.0026,  0.0043,  0.0008,  0.0012,  0.0019,  0.003 ,  0.0024,  0.0004,  0.0012,  0.002 ],
    [ 0.0062,  0.002 ,  0.0031,  0.0028,  0.0009,  0.0017,  0.0023,  0.0316,  0.0011,  0.0018,  0.0027,  0.0028,  0.0009,  0.0015,  0.0019,  0.0044,  0.0025,  0.0005,  0.0012,  0.0022],
    [ 0.0012,  0.0013,  0.0015,  0.0011,  0.0003,  0.001 ,  0.0013,  0.0011,  0.0064,  0.0007,  0.0013,  0.0014,  0.0005,  0.0009,  0.0006,  0.0012,  0.0009,  0.0002,  0.0013,  0.0007],
    [ 0.0035,  0.0015,  0.0013,  0.0012,  0.0008,  0.0011,  0.0015,  0.0018,  0.0007,  0.014 ,  0.0104,  0.0017,  0.0022,  0.003 ,  0.0013,  0.0021,  0.0029,  0.0005,  0.0018,  0.0107],
    [ 0.0048,  0.0028,  0.0017,  0.0018,  0.0014,  0.0019,  0.0026,  0.0027,  0.0013,  0.0104,  0.0304,  0.0027,  0.0042,  0.0058,  0.0017,  0.0029,  0.0038,  0.0008,  0.0027,  0.0092],
    [ 0.0033,  0.0064,  0.0027,  0.0026,  0.0006,  0.0029,  0.0043,  0.0028,  0.0014,  0.0017,  0.0027,  0.013 ,  0.001 ,  0.0012,  0.0018,  0.0031,  0.0026,  0.0004,  0.0013,  0.0022],
    [ 0.0016,  0.0009,  0.0007,  0.0005,  0.0004,  0.0008,  0.0008,  0.0009,  0.0005,  0.0022,  0.0042,  0.001 ,  0.0029,  0.0012,  0.0005,  0.001 ,  0.0011,  0.0003,  0.0007,  0.0021],
    [ 0.002 ,  0.0012,  0.0009,  0.0008,  0.0006,  0.0007,  0.0012,  0.0015,  0.0009,  0.003 ,  0.0058,  0.0012,  0.0012,  0.0154,  0.0007,  0.0016,  0.0015,  0.0009,  0.0039,  0.003 ],
    [ 0.0022,  0.0011,  0.0011,  0.0015,  0.0004,  0.0011,  0.0019,  0.0019,  0.0006,  0.0013,  0.0017,  0.0018,  0.0005,  0.0007,  0.0171,  0.0018,  0.0016,  0.0002,  0.0006,  0.0016],
    [ 0.0062,  0.0025,  0.0032,  0.0028,  0.0011,  0.0022,  0.003 ,  0.0044,  0.0012,  0.0021,  0.0029,  0.0031,  0.001 ,  0.0016,  0.0018,  0.0111,  0.0047,  0.0003,  0.0013,  0.0029],
    [ 0.0039,  0.0021,  0.0026,  0.0022,  0.001 ,  0.0015,  0.0024,  0.0025,  0.0009,  0.0029,  0.0038,  0.0026,  0.0011,  0.0015,  0.0016,  0.0047,  0.01  ,  0.0004,  0.0012,  0.0041],
    [ 0.0005,  0.0004,  0.0002,  0.0002,  0.0001,  0.0003,  0.0004,  0.0005,  0.0002,  0.0005,  0.0008,  0.0004,  0.0003,  0.0009,  0.0002,  0.0003,  0.0004,  0.0059,  0.0008,  0.0005],
    [ 0.0015,  0.0013,  0.0009,  0.0009,  0.0004,  0.0009,  0.0012,  0.0012,  0.0013,  0.0018,  0.0027,  0.0013,  0.0007,  0.0039,  0.0006,  0.0013,  0.0012,  0.0008,  0.0077,  0.0018],
    [ 0.0054,  0.002 ,  0.0015,  0.0016,  0.0013,  0.0014,  0.002 ,  0.0022,  0.0007,  0.0107,  0.0092,  0.0022,  0.0021,  0.003 ,  0.0016,  0.0029,  0.0041,  0.0005,  0.0018,  0.0164]
])

BLOSUM62 = {'*': {'*': 1, 'A': -4, 'C': -4, 'B': -4, 'E': -4, 'D': -4, 'G': -4, 'F': -4, 'I': -4, 'H': -4, 'K': -4, 'J': -4, 'M': -4, 'L': -4, 'N': -4, 'Q': -4, 'P': -4, 'S': -4, 'R': -4, 'T': -4, 'W': -4, 'V': -4, 'Y': -4, 'X': -4, 'Z': -4},
'A': {'*': -4, 'A': 4, 'C': 0, 'B': -2, 'E': -1, 'D': -2, 'G': 0, 'F': -2, 'I': -1, 'H': -2, 'K': -1, 'J': -1, 'M': -1, 'L': -1, 'N': -2, 'Q': -1, 'P': -1, 'S': 1, 'R': -1, 'T': 0, 'W': -3, 'V': 0, 'Y': -2, 'X': -1, 'Z': -1},
'C': {'*': -4, 'A': 0, 'C': 9, 'B': -3, 'E': -4, 'D': -3, 'G': -3, 'F': -2, 'I': -1, 'H': -3, 'K': -3, 'J': -1, 'M': -1, 'L': -1, 'N': -3, 'Q': -3, 'P': -3, 'S': -1, 'R': -3, 'T': -1, 'W': -2, 'V': -1, 'Y': -2, 'X': -1, 'Z': -3},
'B': {'*': -4, 'A': -2, 'C': -3, 'B': 4, 'E': 1, 'D': 4, 'G': -1, 'F': -3, 'I': -3, 'H': 0, 'K': 0, 'J': -3, 'M': -3, 'L': -4, 'N': 4, 'Q': 0, 'P': -2, 'S': 0, 'R': -1, 'T': -1, 'W': -4, 'V': -3, 'Y': -3, 'X': -1, 'Z': 0},
'E': {'*': -4, 'A': -1, 'C': -4, 'B': 1, 'E': 5, 'D': 2, 'G': -2, 'F': -3, 'I': -3, 'H': 0, 'K': 1, 'J': -3, 'M': -2, 'L': -3, 'N': 0, 'Q': 2, 'P': -1, 'S': 0, 'R': 0, 'T': -1, 'W': -3, 'V': -2, 'Y': -2, 'X': -1, 'Z': 4},
'D': {'*': -4, 'A': -2, 'C': -3, 'B': 4, 'E': 2, 'D': 6, 'G': -1, 'F': -3, 'I': -3, 'H': -1, 'K': -1, 'J': -3, 'M': -3, 'L': -4, 'N': 1, 'Q': 0, 'P': -1, 'S': 0, 'R': -2, 'T': -1, 'W': -4, 'V': -3, 'Y': -3, 'X': -1, 'Z': 1},
'G': {'*': -4, 'A': 0, 'C': -3, 'B': -1, 'E': -2, 'D': -1, 'G': 6, 'F': -3, 'I': -4, 'H': -2, 'K': -2, 'J': -4, 'M': -3, 'L': -4, 'N': 0, 'Q': -2, 'P': -2, 'S': 0, 'R': -2, 'T': -2, 'W': -2, 'V': -3, 'Y': -3, 'X': -1, 'Z': -2},
'F': {'*': -4, 'A': -2, 'C': -2, 'B': -3, 'E': -3, 'D': -3, 'G': -3, 'F': 6, 'I': 0, 'H': -1, 'K': -3, 'J': 0, 'M': 0, 'L': 0, 'N': -3, 'Q': -3, 'P': -4, 'S': -2, 'R': -3, 'T': -2, 'W': 1, 'V': -1, 'Y': 3, 'X': -1, 'Z': -3},
'I': {'*': -4, 'A': -1, 'C': -1, 'B': -3, 'E': -3, 'D': -3, 'G': -4, 'F': 0, 'I': 4, 'H': -3, 'K': -3, 'J': 3, 'M': 1, 'L': 2, 'N': -3, 'Q': -3, 'P': -3, 'S': -2, 'R': -3, 'T': -1, 'W': -3, 'V': 3, 'Y': -1, 'X': -1, 'Z': -3},
'H': {'*': -4, 'A': -2, 'C': -3, 'B': 0, 'E': 0, 'D': -1, 'G': -2, 'F': -1, 'I': -3, 'H': 8, 'K': -1, 'J': -3, 'M': -2, 'L': -3, 'N': 1, 'Q': 0, 'P': -2, 'S': -1, 'R': 0, 'T': -2, 'W': -2, 'V': -3, 'Y': 2, 'X': -1, 'Z': 0},
'K': {'*': -4, 'A': -1, 'C': -3, 'B': 0, 'E': 1, 'D': -1, 'G': -2, 'F': -3, 'I': -3, 'H': -1, 'K': 5, 'J': -3, 'M': -1, 'L': -2, 'N': 0, 'Q': 1, 'P': -1, 'S': 0, 'R': 2, 'T': -1, 'W': -3, 'V': -2, 'Y': -2, 'X': -1, 'Z': 1},
'J': {'*': -4, 'A': -1, 'C': -1, 'B': -3, 'E': -3, 'D': -3, 'G': -4, 'F': 0, 'I': 3, 'H': -3, 'K': -3, 'J': 3, 'M': 2, 'L': 3, 'N': -3, 'Q': -2, 'P': -3, 'S': -2, 'R': -2, 'T': -1, 'W': -2, 'V': 2, 'Y': -1, 'X': -1, 'Z': -3},
'M': {'*': -4, 'A': -1, 'C': -1, 'B': -3, 'E': -2, 'D': -3, 'G': -3, 'F': 0, 'I': 1, 'H': -2, 'K': -1, 'J': 2, 'M': 5, 'L': 2, 'N': -2, 'Q': 0, 'P': -2, 'S': -1, 'R': -1, 'T': -1, 'W': -1, 'V': 1, 'Y': -1, 'X': -1, 'Z': -1},
'L': {'*': -4, 'A': -1, 'C': -1, 'B': -4, 'E': -3, 'D': -4, 'G': -4, 'F': 0, 'I': 2, 'H': -3, 'K': -2, 'J': 3, 'M': 2, 'L': 4, 'N': -3, 'Q': -2, 'P': -3, 'S': -2, 'R': -2, 'T': -1, 'W': -2, 'V': 1, 'Y': -1, 'X': -1, 'Z': -3},
'N': {'*': -4, 'A': -2, 'C': -3, 'B': 4, 'E': 0, 'D': 1, 'G': 0, 'F': -3, 'I': -3, 'H': 1, 'K': 0, 'J': -3, 'M': -2, 'L': -3, 'N': 6, 'Q': 0, 'P': -2, 'S': 1, 'R': 0, 'T': 0, 'W': -4, 'V': -3, 'Y': -2, 'X': -1, 'Z': 0},
'Q': {'*': -4, 'A': -1, 'C': -3, 'B': 0, 'E': 2, 'D': 0, 'G': -2, 'F': -3, 'I': -3, 'H': 0, 'K': 1, 'J': -2, 'M': 0, 'L': -2, 'N': 0, 'Q': 5, 'P': -1, 'S': 0, 'R': 1, 'T': -1, 'W': -2, 'V': -2, 'Y': -1, 'X': -1, 'Z': 4},
'P': {'*': -4, 'A': -1, 'C': -3, 'B': -2, 'E': -1, 'D': -1, 'G': -2, 'F': -4, 'I': -3, 'H': -2, 'K': -1, 'J': -3, 'M': -2, 'L': -3, 'N': -2, 'Q': -1, 'P': 7, 'S': -1, 'R': -2, 'T': -1, 'W': -4, 'V': -2, 'Y': -3, 'X': -1, 'Z': -1},
'S': {'*': -4, 'A': 1, 'C': -1, 'B': 0, 'E': 0, 'D': 0, 'G': 0, 'F': -2, 'I': -2, 'H': -1, 'K': 0, 'J': -2, 'M': -1, 'L': -2, 'N': 1, 'Q': 0, 'P': -1, 'S': 4, 'R': -1, 'T': 1, 'W': -3, 'V': -2, 'Y': -2, 'X': -1, 'Z': 0},
'R': {'*': -4, 'A': -1, 'C': -3, 'B': -1, 'E': 0, 'D': -2, 'G': -2, 'F': -3, 'I': -3, 'H': 0, 'K': 2, 'J': -2, 'M': -1, 'L': -2, 'N': 0, 'Q': 1, 'P': -2, 'S': -1, 'R': 5, 'T': -1, 'W': -3, 'V': -3, 'Y': -2, 'X': -1, 'Z': 0},
'T': {'*': -4, 'A': 0, 'C': -1, 'B': -1, 'E': -1, 'D': -1, 'G': -2, 'F': -2, 'I': -1, 'H': -2, 'K': -1, 'J': -1, 'M': -1, 'L': -1, 'N': 0, 'Q': -1, 'P': -1, 'S': 1, 'R': -1, 'T': 5, 'W': -2, 'V': 0, 'Y': -2, 'X': -1, 'Z': -1},
'W': {'*': -4, 'A': -3, 'C': -2, 'B': -4, 'E': -3, 'D': -4, 'G': -2, 'F': 1, 'I': -3, 'H': -2, 'K': -3, 'J': -2, 'M': -1, 'L': -2, 'N': -4, 'Q': -2, 'P': -4, 'S': -3, 'R': -3, 'T': -2, 'W': 11, 'V': -3, 'Y': 2, 'X': -1, 'Z': -2},
'V': {'*': -4, 'A': 0, 'C': -1, 'B': -3, 'E': -2, 'D': -3, 'G': -3, 'F': -1, 'I': 3, 'H': -3, 'K': -2, 'J': 2, 'M': 1, 'L': 1, 'N': -3, 'Q': -2, 'P': -2, 'S': -2, 'R': -3, 'T': 0, 'W': -3, 'V': 4, 'Y': -1, 'X': -1, 'Z': -2},
'Y': {'*': -4, 'A': -2, 'C': -2, 'B': -3, 'E': -2, 'D': -3, 'G': -3, 'F': 3, 'I': -1, 'H': 2, 'K': -2, 'J': -1, 'M': -1, 'L': -1, 'N': -2, 'Q': -1, 'P': -3, 'S': -2, 'R': -2, 'T': -2, 'W': 2, 'V': -1, 'Y': 7, 'X': -1, 'Z': -2},
'X': {'*': -4, 'A': -1, 'C': -1, 'B': -1, 'E': -1, 'D': -1, 'G': -1, 'F': -1, 'I': -1, 'H': -1, 'K': -1, 'J': -1, 'M': -1, 'L': -1, 'N': -1, 'Q': -1, 'P': -1, 'S': -1, 'R': -1, 'T': -1, 'W': -1, 'V': -1, 'Y': -1, 'X': -1, 'Z': -1},
'X': {'*': -4, 'A': -1, 'C': -1, 'B': -1, 'E': -1, 'D': -1, 'G': -1, 'F': -1, 'I': -1, 'H': -1, 'K': -1, 'J': -1, 'M': -1, 'L': -1, 'N': -1, 'Q': -1, 'P': -1, 'S': -1, 'R': -1, 'T': -1, 'W': -1, 'V': -1, 'Y': -1, 'X': -1, 'Z': -1}}

BLOSUM62_ARR = np.array([
    [ 4, -1, -2, -2,  0, -1, -1,  0, -2, -1, -1, -1, -1, -2, -1,  1,  0, -3, -2,  0, -2, -1, -1, -1, -4],
    [-1,  5,  0, -2, -3,  1,  0, -2,  0, -3, -2,  2, -1, -3, -2, -1, -1, -3, -2, -3, -1, -2,  0, -1, -4],
    [-2,  0,  6,  1, -3,  0,  0,  0,  1, -3, -3,  0, -2, -3, -2,  1,  0, -4, -2, -3,  4, -3,  0, -1, -4],
    [-2, -2,  1,  6, -3,  0,  2, -1, -1, -3, -4, -1, -3, -3, -1,  0, -1, -4, -3, -3,  4, -3,  1, -1, -4],
    [ 0, -3, -3, -3,  9, -3, -4, -3, -3, -1, -1, -3, -1, -2, -3, -1, -1, -2, -2, -1, -3, -1, -3, -1, -4],
    [-1,  1,  0,  0, -3,  5,  2, -2,  0, -3, -2,  1,  0, -3, -1,  0, -1, -2, -1, -2,  0, -2,  4, -1, -4],
    [-1,  0,  0,  2, -4,  2,  5, -2,  0, -3, -3,  1, -2, -3, -1,  0, -1, -3, -2, -2,  1, -3,  4, -1, -4],
    [ 0, -2,  0, -1, -3, -2, -2,  6, -2, -4, -4, -2, -3, -3, -2,  0, -2, -2, -3, -3, -1, -4, -2, -1, -4],
    [-2,  0,  1, -1, -3,  0,  0, -2,  8, -3, -3, -1, -2, -1, -2, -1, -2, -2,  2, -3,  0, -3,  0, -1, -4],
    [-1, -3, -3, -3, -1, -3, -3, -4, -3,  4,  2, -3,  1,  0, -3, -2, -1, -3, -1,  3, -3,  3, -3, -1, -4],
    [-1, -2, -3, -4, -1, -2, -3, -4, -3,  2,  4, -2,  2,  0, -3, -2, -1, -2, -1,  1, -4,  3, -3, -1, -4],
    [-1,  2,  0, -1, -3,  1,  1, -2, -1, -3, -2,  5, -1, -3, -1,  0, -1, -3, -2, -2,  0, -3,  1, -1, -4],
    [-1, -1, -2, -3, -1,  0, -2, -3, -2,  1,  2, -1,  5,  0, -2, -1, -1, -1, -1,  1, -3,  2, -1, -1, -4],
    [-2, -3, -3, -3, -2, -3, -3, -3, -1,  0,  0, -3,  0,  6, -4, -2, -2,  1,  3, -1, -3,  0, -3, -1, -4],
    [-1, -2, -2, -1, -3, -1, -1, -2, -2, -3, -3, -1, -2, -4,  7, -1, -1, -4, -3, -2, -2, -3, -1, -1, -4],
    [ 1, -1,  1,  0, -1,  0,  0,  0, -1, -2, -2,  0, -1, -2, -1,  4,  1, -3, -2, -2,  0, -2,  0, -1, -4],
    [ 0, -1,  0, -1, -1, -1, -1, -2, -2, -1, -1, -1, -1, -2, -1,  1,  5, -2, -2,  0, -1, -1, -1, -1, -4],
    [-3, -3, -4, -4, -2, -2, -3, -2, -2, -3, -2, -3, -1,  1, -4, -3, -2, 11,  2, -3, -4, -2, -2, -1, -4],
    [-2, -2, -2, -3, -2, -1, -2, -3,  2, -1, -1, -2, -1,  3, -3, -2, -2,  2,  7, -1, -3, -1, -2, -1, -4],
    [ 0, -3, -3, -3, -1, -2, -2, -3, -3,  3,  1, -2,  1, -1, -2, -2,  0, -3, -1,  4, -3,  2, -2, -1, -4],
    [-2, -1,  4,  4, -3,  0,  1, -1,  0, -3, -4,  0, -3, -3, -2,  0, -1, -4, -3, -3,  4, -3,  0, -1, -4],
    [-1, -2, -3, -3, -1, -2, -3, -4, -3,  3,  3, -3,  2,  0, -3, -2, -1, -2, -1,  2, -3,  3, -3, -1, -4],
    [-1,  0,  0,  1, -3,  4,  4, -2,  0, -3, -3,  1, -1, -3, -1,  0, -1, -2, -2, -2,  0, -3,  4, -1, -4],
    [-1, -1, -1, -1, -1, -1, -1, -1, -1, -1, -1, -1, -1, -1, -1, -1, -1, -1, -1, -1, -1, -1, -1, -1, -4],
    [-4, -4, -4, -4, -4, -4, -4, -4, -4, -4, -4, -4, -4, -4, -4, -4, -4, -4, -4, -4, -4, -4, -4, -4,  1]
])

BLOSUM80_QIJ = np.array([
    [ 0.0252,  0.002 ,  0.0016,  0.0018,  0.0015,  0.0017,  0.0028,  0.0053,  0.0009,  0.0027,  0.0036,  0.0029,  0.0011,  0.0014,  0.0021,  0.0064,  0.0036,  0.0003,  0.0011,  0.0046],
    [ 0.002 ,  0.021 ,  0.0017,  0.0013,  0.0003,  0.0024,  0.0023,  0.0015,  0.0012,  0.001 ,  0.0018,  0.0061,  0.0006,  0.0007,  0.0009,  0.002 ,  0.0015,  0.0002,  0.0007,  0.0013],
    [ 0.0016,  0.0017,  0.0166,  0.0037,  0.0004,  0.0014,  0.0019,  0.0025,  0.0012,  0.0007,  0.0011,  0.0022,  0.0004,  0.0006,  0.0007,  0.0029,  0.002 ,  0.0001,  0.0006,  0.0009],
    [ 0.0018,  0.0013,  0.0037,  0.0262,  0.0003,  0.0014,  0.0048,  0.0022,  0.0008,  0.0008,  0.0011,  0.002 ,  0.0003,  0.0006,  0.0009,  0.0024,  0.0016,  0.0001,  0.0005,  0.001 ],
    [ 0.0015,  0.0003,  0.0004,  0.0003,  0.0172,  0.0003,  0.0003,  0.0006,  0.0002,  0.0011,  0.0014,  0.0004,  0.0004,  0.0005,  0.0003,  0.001 ,  0.0009,  0.0001,  0.0003,  0.0013],
    [ 0.0017,  0.0024,  0.0014,  0.0014,  0.0003,  0.0094,  0.0035,  0.0011,  0.0011,  0.0007,  0.0014,  0.0028,  0.0007,  0.0005,  0.0007,  0.0017,  0.0012,  0.0002,  0.0005,  0.001 ],
    [ 0.0028,  0.0023,  0.0019,  0.0048,  0.0003,  0.0035,  0.0208,  0.0017,  0.0012,  0.001 ,  0.0015,  0.0036,  0.0006,  0.0006,  0.0012,  0.0026,  0.0019,  0.0002,  0.0006,  0.0015],
    [ 0.0053,  0.0015,  0.0025,  0.0022,  0.0006,  0.0011,  0.0017,  0.0463,  0.0008,  0.0009,  0.0016,  0.002 ,  0.0005,  0.0009,  0.001 ,  0.0034,  0.0019,  0.0003,  0.0006,  0.0014],
    [ 0.0009,  0.0012,  0.0012,  0.0008,  0.0002,  0.0011,  0.0012,  0.0008,  0.0104,  0.0004,  0.0008,  0.001 ,  0.0003,  0.0007,  0.0004,  0.001 ,  0.0007,  0.0001,  0.0016,  0.0005],
    [ 0.0027,  0.001 ,  0.0007,  0.0008,  0.0011,  0.0007,  0.001 ,  0.0009,  0.0004,  0.022 ,  0.0111,  0.0012,  0.0025,  0.0027,  0.0007,  0.0015,  0.0024,  0.0003,  0.0013,  0.0123],
    [ 0.0036,  0.0018,  0.0011,  0.0011,  0.0014,  0.0014,  0.0015,  0.0016,  0.0008,  0.0111,  0.0442,  0.0019,  0.0052,  0.0052,  0.0012,  0.0021,  0.0028,  0.0006,  0.002 ,  0.0089],
    [ 0.0029,  0.0061,  0.0022,  0.002 ,  0.0004,  0.0028,  0.0036,  0.002 ,  0.001 ,  0.0012,  0.0019,  0.019 ,  0.0007,  0.0007,  0.0012,  0.0026,  0.002 ,  0.0002,  0.0008,  0.0015],
    [ 0.0011,  0.0006,  0.0004,  0.0003,  0.0004,  0.0007,  0.0006,  0.0005,  0.0003,  0.0025,  0.0052,  0.0007,  0.0053,  0.001 ,  0.0003,  0.0007,  0.0009,  0.0002,  0.0005,  0.0022],
    [ 0.0014,  0.0007,  0.0006,  0.0006,  0.0005,  0.0005,  0.0006,  0.0009,  0.0007,  0.0027,  0.0052,  0.0007,  0.001 ,  0.0211,  0.0004,  0.001 ,  0.0011,  0.0007,  0.0046,  0.0022],
    [ 0.0021,  0.0009,  0.0007,  0.0009,  0.0003,  0.0007,  0.0012,  0.001 ,  0.0004,  0.0007,  0.0012,  0.0012,  0.0003,  0.0004,  0.0221,  0.0014,  0.0011,  0.0001,  0.0003,  0.001 ],
    [ 0.0064,  0.002 ,  0.0029,  0.0024,  0.001 ,  0.0017,  0.0026,  0.0034,  0.001 ,  0.0015,  0.0021,  0.0026,  0.0007,  0.001 ,  0.0014,  0.0167,  0.0048,  0.0002,  0.0009,  0.0021],
    [ 0.0036,  0.0015,  0.002 ,  0.0016,  0.0009,  0.0012,  0.0019,  0.0019,  0.0007,  0.0024,  0.0028,  0.002 ,  0.0009,  0.0011,  0.0011,  0.0048,  0.0156,  0.0002,  0.0008,  0.0033],
    [ 0.0003,  0.0002,  0.0001,  0.0001,  0.0001,  0.0002,  0.0002,  0.0003,  0.0001,  0.0003,  0.0006,  0.0002,  0.0002,  0.0007,  0.0001,  0.0002,  0.0002,  0.0087,  0.001 ,  0.0004],
    [ 0.0011,  0.0007,  0.0006,  0.0005,  0.0003,  0.0005,  0.0006,  0.0006,  0.0016,  0.0013,  0.002 ,  0.0008,  0.0005,  0.0046,  0.0003,  0.0009,  0.0008,  0.001 ,  0.0148,  0.0012],
    [ 0.0046,  0.0013,  0.0009,  0.001 ,  0.0013,  0.001 ,  0.0015,  0.0014,  0.0005,  0.0123,  0.0089,  0.0015,  0.0022,  0.0022,  0.001 ,  0.0021,  0.0033,  0.0004,  0.0012,  0.0246]
])

BLOSUM82 = {'*': {'*': 1, 'A': -6, 'C': -6, 'B': -6, 'E': -6, 'D': -6, 'G': -6, 'F': -6, 'I': -6, 'H': -6, 'K': -6, 'J': -6, 'M': -6, 'L': -6, 'N': -6, 'Q': -6, 'P': -6, 'S': -6, 'R': -6, 'T': -6, 'W': -6, 'V': -6, 'Y': -6, 'X': -6, 'Z': -6},
'A': {'*': -6, 'A': 5, 'C': -1, 'B': -2, 'E': -1, 'D': -2, 'G': 0, 'F': -3, 'I': -2, 'H': -2, 'K': -1, 'J': -2, 'M': -1, 'L': -2, 'N': -2, 'Q': -1, 'P': -1, 'S': 1, 'R': -2, 'T': 0, 'W': -3, 'V': 0, 'Y': -2, 'X': -1, 'Z': -1},
'C': {'*': -6, 'A': -1, 'C': 9, 'B': -4, 'E': -5, 'D': -4, 'G': -4, 'F': -3, 'I': -2, 'H': -4, 'K': -4, 'J': -2, 'M': -2, 'L': -2, 'N': -3, 'Q': -4, 'P': -4, 'S': -2, 'R': -4, 'T': -1, 'W': -3, 'V': -1, 'Y': -3, 'X': -1, 'Z': -4},
'B': {'*': -6, 'A': -2, 'C': -4, 'B': 5, 'E': 1, 'D': 5, 'G': -1, 'F': -4, 'I': -4, 'H': -1, 'K': -1, 'J': -4, 'M': -3, 'L': -4, 'N': 5, 'Q': 0, 'P': -2, 'S': 0, 'R': -1, 'T': -1, 'W': -5, 'V': -4, 'Y': -3, 'X': -1, 'Z': 0},
'E': {'*': -6, 'A': -1, 'C': -5, 'B': 1, 'E': 6, 'D': 1, 'G': -3, 'F': -4, 'I': -4, 'H': 0, 'K': 1, 'J': -4, 'M': -2, 'L': -4, 'N': -1, 'Q': 2, 'P': -2, 'S': 0, 'R': -1, 'T': -1, 'W': -4, 'V': -3, 'Y': -3, 'X': -1, 'Z': 5},
'D': {'*': -6, 'A': -2, 'C': -4, 'B': 5, 'E': 1, 'D': 6, 'G': -2, 'F': -4, 'I': -4, 'H': -2, 'K': -1, 'J': -5, 'M': -4, 'L': -5, 'N': 1, 'Q': -1, 'P': -2, 'S': -1, 'R': -2, 'T': -1, 'W': -6, 'V': -4, 'Y': -4, 'X': -1, 'Z': 1},
'G': {'*': -6, 'A': 0, 'C': -4, 'B': -1, 'E': -3, 'D': -2, 'G': 6, 'F': -4, 'I': -5, 'H': -3, 'K': -2, 'J': -5, 'M': -4, 'L': -4, 'N': -1, 'Q': -2, 'P': -3, 'S': -1, 'R': -3, 'T': -2, 'W': -4, 'V': -4, 'Y': -4, 'X': -1, 'Z': -3},
'F': {'*': -6, 'A': -3, 'C': -3, 'B': -4, 'E': -4, 'D': -4, 'G': -4, 'F': 6, 'I': -1, 'H': -2, 'K': -4, 'J': 0, 'M': 0, 'L': 0, 'N': -4, 'Q': -4, 'P': -4, 'S': -3, 'R': -4, 'T': -2, 'W': 0, 'V': -1, 'Y': 3, 'X': -1, 'Z': -4},
'I': {'*': -6, 'A': -2, 'C': -2, 'B': -4, 'E': -4, 'D': -4, 'G': -5, 'F': -1, 'I': 5, 'H': -4, 'K': -3, 'J': 3, 'M': 1, 'L': 1, 'N': -4, 'Q': -3, 'P': -4, 'S': -3, 'R': -3, 'T': -1, 'W': -3, 'V': 3, 'Y': -2, 'X': -1, 'Z': -4},
'H': {'*': -6, 'A': -2, 'C': -4, 'B': -1, 'E': 0, 'D': -2, 'G': -3, 'F': -2, 'I': -4, 'H': 8, 'K': -1, 'J': -4, 'M': -2, 'L': -3, 'N': 0, 'Q': 1, 'P': -3, 'S': -1, 'R': 0, 'T': -2, 'W': -3, 'V': -4, 'Y': 2, 'X': -1, 'Z': 0},
'K': {'*': -6, 'A': -1, 'C': -4, 'B': -1, 'E': 1, 'D': -1, 'G': -2, 'F': -4, 'I': -3, 'H': -1, 'K': 5, 'J': -3, 'M': -2, 'L': -3, 'N': 0, 'Q': 1, 'P': -1, 'S': -1, 'R': 2, 'T': -1, 'W': -4, 'V': -3, 'Y': -3, 'X': -1, 'Z': 1},
'J': {'*': -6, 'A': -2, 'C': -2, 'B': -4, 'E': -4, 'D': -5, 'G': -5, 'F': 0, 'I': 3, 'H': -4, 'K': -3, 'J': 3, 'M': 2, 'L': 3, 'N': -4, 'Q': -3, 'P': -4, 'S': -3, 'R': -3, 'T': -1, 'W': -3, 'V': 2, 'Y': -2, 'X': -1, 'Z': -3},
'M': {'*': -6, 'A': -1, 'C': -2, 'B': -3, 'E': -2, 'D': -4, 'G': -4, 'F': 0, 'I': 1, 'H': -2, 'K': -2, 'J': 2, 'M': 6, 'L': 2, 'N': -3, 'Q': 0, 'P': -3, 'S': -2, 'R': -2, 'T': -1, 'W': -2, 'V': 1, 'Y': -2, 'X': -1, 'Z': -1},
'L': {'*': -6, 'A': -2, 'C': -2, 'B': -4, 'E': -4, 'D': -5, 'G': -4, 'F': 0, 'I': 1, 'H': -3, 'K': -3, 'J': 3, 'M': 2, 'L': 4, 'N': -4, 'Q': -3, 'P': -3, 'S': -3, 'R': -3, 'T': -2, 'W': -2, 'V': 1, 'Y': -2, 'X': -1, 'Z': -3},
'N': {'*': -6, 'A': -2, 'C': -3, 'B': 5, 'E': -1, 'D': 1, 'G': -1, 'F': -4, 'I': -4, 'H': 0, 'K': 0, 'J': -4, 'M': -3, 'L': -4, 'N': 6, 'Q': 0, 'P': -3, 'S': 0, 'R': -1, 'T': 0, 'W': -4, 'V': -4, 'Y': -3, 'X': -1, 'Z': 0},
'Q': {'*': -6, 'A': -1, 'C': -4, 'B': 0, 'E': 2, 'D': -1, 'G': -2, 'F': -4, 'I': -3, 'H': 1, 'K': 1, 'J': -3, 'M': 0, 'L': -3, 'N': 0, 'Q': 6, 'P': -2, 'S': 0, 'R': 1, 'T': -1, 'W': -3, 'V': -3, 'Y': -2, 'X': -1, 'Z': 4},
'P': {'*': -6, 'A': -1, 'C': -4, 'B': -2, 'E': -2, 'D': -2, 'G': -3, 'F': -4, 'I': -4, 'H': -3, 'K': -1, 'J': -4, 'M': -3, 'L': -3, 'N': -3, 'Q': -2, 'P': 8, 'S': -1, 'R': -2, 'T': -2, 'W': -5, 'V': -3, 'Y': -4, 'X': -1, 'Z': -2},
'S': {'*': -6, 'A': 1, 'C': -2, 'B': 0, 'E': 0, 'D': -1, 'G': -1, 'F': -3, 'I': -3, 'H': -1, 'K': -1, 'J': -3, 'M': -2, 'L': -3, 'N': 0, 'Q': 0, 'P': -1, 'S': 5, 'R': -1, 'T': 1, 'W': -4, 'V': -2, 'Y': -2, 'X': -1, 'Z': 0},
'R': {'*': -6, 'A': -2, 'C': -4, 'B': -1, 'E': -1, 'D': -2, 'G': -3, 'F': -4, 'I': -3, 'H': 0, 'K': 2, 'J': -3, 'M': -2, 'L': -3, 'N': -1, 'Q': 1, 'P': -2, 'S': -1, 'R': 6, 'T': -1, 'W': -4, 'V': -3, 'Y': -3, 'X': -1, 'Z': 0},
'T': {'*': -6, 'A': 0, 'C': -1, 'B': -1, 'E': -1, 'D': -1, 'G': -2, 'F': -2, 'I': -1, 'H': -2, 'K': -1, 'J': -1, 'M': -1, 'L': -2, 'N': 0, 'Q': -1, 'P': -2, 'S': 1, 'R': -1, 'T': 5, 'W': -4, 'V': 0, 'Y': -2, 'X': -1, 'Z': -1},
'W': {'*': -6, 'A': -3, 'C': -3, 'B': -5, 'E': -4, 'D': -6, 'G': -4, 'F': 0, 'I': -3, 'H': -3, 'K': -4, 'J': -3, 'M': -2, 'L': -2, 'N': -4, 'Q': -3, 'P': -5, 'S': -4, 'R': -4, 'T': -4, 'W': 11, 'V': -3, 'Y': 2, 'X': -1, 'Z': -3},
'V': {'*': -6, 'A': 0, 'C': -1, 'B': -4, 'E': -3, 'D': -4, 'G': -4, 'F': -1, 'I': 3, 'H': -4, 'K': -3, 'J': 2, 'M': 1, 'L': 1, 'N': -4, 'Q': -3, 'P': -3, 'S': -2, 'R': -3, 'T': 0, 'W': -3, 'V': 4, 'Y': -2, 'X': -1, 'Z': -3},
'Y': {'*': -6, 'A': -2, 'C': -3, 'B': -3, 'E': -3, 'D': -4, 'G': -4, 'F': 3, 'I': -2, 'H': 2, 'K': -3, 'J': -2, 'M': -2, 'L': -2, 'N': -3, 'Q': -2, 'P': -4, 'S': -2, 'R': -3, 'T': -2, 'W': 2, 'V': -2, 'Y': 7, 'X': -1, 'Z': -3},
'X': {'*': -6, 'A': -1, 'C': -1, 'B': -1, 'E': -1, 'D': -1, 'G': -1, 'F': -1, 'I': -1, 'H': -1, 'K': -1, 'J': -1, 'M': -1, 'L': -1, 'N': -1, 'Q': -1, 'P': -1, 'S': -1, 'R': -1, 'T': -1, 'W': -1, 'V': -1, 'Y': -1, 'X': -1, 'Z': -1},
'X': {'*': -6, 'A': -1, 'C': -1, 'B': -1, 'E': -1, 'D': -1, 'G': -1, 'F': -1, 'I': -1, 'H': -1, 'K': -1, 'J': -1, 'M': -1, 'L': -1, 'N': -1, 'Q': -1, 'P': -1, 'S': -1, 'R': -1, 'T': -1, 'W': -1, 'V': -1, 'Y': -1, 'X': -1, 'Z': -1}}

BLOSUM82_ARR = np.array([
    [ 5, -2, -2, -2, -1, -1, -1,  0, -2, -2, -2, -1, -1, -3, -1,  1,  0, -3, -2,  0, -2, -2, -1, -1, -6],
    [-2,  6, -1, -2, -4,  1, -1, -3,  0, -3, -3,  2, -2, -4, -2, -1, -1, -4, -3, -3, -1, -3,  0, -1, -6],
    [-2, -1,  6,  1, -3,  0, -1, -1,  0, -4, -4,  0, -3, -4, -3,  0,  0, -4, -3, -4,  5, -4,  0, -1, -6],
    [-2, -2,  1,  6, -4, -1,  1, -2, -2, -4, -5, -1, -4, -4, -2, -1, -1, -6, -4, -4,  5, -5,  1, -1, -6],
    [-1, -4, -3, -4,  9, -4, -5, -4, -4, -2, -2, -4, -2, -3, -4, -2, -1, -3, -3, -1, -4, -2, -4, -1, -6],
    [-1,  1,  0, -1, -4,  6,  2, -2,  1, -3, -3,  1,  0, -4, -2,  0, -1, -3, -2, -3,  0, -3,  4, -1, -6],
    [-1, -1, -1,  1, -5,  2,  6, -3,  0, -4, -4,  1, -2, -4, -2,  0, -1, -4, -3, -3,  1, -4,  5, -1, -6],
    [ 0, -3, -1, -2, -4, -2, -3,  6, -3, -5, -4, -2, -4, -4, -3, -1, -2, -4, -4, -4, -1, -5, -3, -1, -6],
    [-2,  0,  0, -2, -4,  1,  0, -3,  8, -4, -3, -1, -2, -2, -3, -1, -2, -3,  2, -4, -1, -4,  0, -1, -6],
    [-2, -3, -4, -4, -2, -3, -4, -5, -4,  5,  1, -3,  1, -1, -4, -3, -1, -3, -2,  3, -4,  3, -4, -1, -6],
    [-2, -3, -4, -5, -2, -3, -4, -4, -3,  1,  4, -3,  2,  0, -3, -3, -2, -2, -2,  1, -4,  3, -3, -1, -6],
    [-1,  2,  0, -1, -4,  1,  1, -2, -1, -3, -3,  5, -2, -4, -1, -1, -1, -4, -3, -3, -1, -3,  1, -1, -6],
    [-1, -2, -3, -4, -2,  0, -2, -4, -2,  1,  2, -2,  6,  0, -3, -2, -1, -2, -2,  1, -3,  2, -1, -1, -6],
    [-3, -4, -4, -4, -3, -4, -4, -4, -2, -1,  0, -4,  0,  6, -4, -3, -2,  0,  3, -1, -4,  0, -4, -1, -6],
    [-1, -2, -3, -2, -4, -2, -2, -3, -3, -4, -3, -1, -3, -4,  8, -1, -2, -5, -4, -3, -2, -4, -2, -1, -6],
